CELL_PARAMETERS (alat=  8.05510878)
   1.009926161   0.000000000   0.000000000
   0.000000000   3.946543071   0.000000000
   0.000000000   0.000000000   3.519200843

   Convert to Anstrom:
                   4.304891362                   0                   0
                   0  16.822456765                  0
                   0                   0                 15.000876201


   ATOMIC_POSITIONS (crystal)
C             0.6595826274        0.3191159631        0.5000000000    1   1   0
C             0.8316583419        0.3902697823        0.5000000000    1   1   0
C             0.3404173726        0.3191159631        0.5000000000    1   1   0
C             0.6663068433        0.4631442357        0.5000000000    1   1   0
C             0.8336931567        0.5368557643        0.5000000000    1   1   0
C             0.1683416581        0.3902697823        0.5000000000    1   1   0
C             0.3336931567        0.4631442357        0.5000000000    1   1   0
C             0.6683416581        0.6097302177        0.5000000000    1   1   0
C             0.8404173726        0.6808840369        0.5000000000    1   1   0
C             0.1663068433        0.5368557643        0.5000000000    1   1   0
C             0.3316583419        0.6097302177        0.5000000000    1   1   0
C             0.1595826274        0.6808840369        0.5000000000    1   1   0
H             0.7787231694        0.2621683778        0.5000000000    1   1   0
H             0.2212768306        0.2621683778        0.5000000000    1   1   0
H             0.7212768306        0.7378316222        0.5000000000    1   1   0
H             0.2787231694        0.7378316222        0.5000000000    1   1   0