CELL_PARAMETERS (alat=  8.05510878)
   1.010425241   0.000000000   0.000000000
   0.000000000   3.800503344   0.000000000
   0.000000000   0.000000000   3.519104335

Convert to Anstrom:

   4.307018731553414                   0                   0
                   0  16.199950701686188                   0
                   0                   0  15.000464828189918

ATOMIC_POSITIONS (crystal)
C             0.6589722805        0.3116851987        0.5000000000
C             0.8334726819        0.3858216220        0.5000000000
C             0.3410277195        0.3116851987        0.5000000000
C             0.6668963139        0.4619152984        0.5000000000
C             0.8334668195        0.5380047455        0.5000000000
C             0.1665273181        0.3858216220        0.5000000000
C             0.3331036861        0.4619152984        0.5000000000
C             0.6589809858        0.6121420161        0.5000000000
C             0.1665331805        0.5380047455        0.5000000000
C             0.3410190142        0.6121420161        0.5000000000
H             0.7778941161        0.2524818012        0.5000000000
H             0.2221058839        0.2524818012        0.5000000000
H             0.7779966708        0.6713186511        0.5000000000
H             0.2220033292        0.6713186511        0.5000000000